1938.0987422878013
1562.750460795718
1404.0693693365301
1745.0509169391946
1565.3522765793848
1272.366294931647
1268.0724061613525
1314.1269106408402
1670.1718173296263
1342.1101771653148
1237.8545662945935
1456.271278114761
1600.7973102744545
1346.4936829516278
1229.1297350302561
1360.43797357938
1685.5982959393689
1264.9629197696754
1412.2184527133538
1563.1990084581096
1280.7345836966792
1210.221447556302
1380.6024293621388
1754.7771646293418
1362.1368874839304
1201.0806965762808
1421.5231911453611
1583.4048139671593
1260.68769761679
1355.3860854253269
