295.65719899968195
450.57992500909745
341.1787487814613
539.4010302993993
271.1423550640642
677.8894760862796
324.0202122326577
562.3003825475951
234.77759982924132
617.2426087536378
339.1719925838402
475.3986350508112
228.80465718094425
763.7584267746823
311.08255025020395
567.6977068424326
253.2216012659959
620.3707639422424
380.4341534148839
433.72236579198454
277.1981207419924
832.2257208544409
385.56947703361914
843.4635868574292
388.7525080740024
552.9378532577368
356.26657932482544
734.5392088206623
354.4566396973894
616.7032480167899
