4611.236071185382
4558.952789752215
4791.814181088829
5259.507627918175
6196.808217158741
5599.881980553214
5121.154341500644
4535.432832281909
6216.633138792692
5478.959192436587
5116.194183483361
4851.27742384686
5151.400149372569
5373.302196595499
5744.8176121786055
4458.4849618138405
5530.224466162772
4333.672512714472
4731.531046324969
5147.216183037205
3897.1507023014938
4756.091369456257
4715.0063527556185
4253.718037729605
5815.633649679931
4801.342004998283
5076.105035963362
4917.877022431166
5265.275651243482
5185.419888831347
