189.02755394708706
159.05495635708405
200.34829591352653
216.74185024707057
250.31421701954926
157.90233867211458
212.67466735971442
375.35408855992574
219.08994312518342
149.7984392717584
381.2776456003459
328.88317121547675
312.2409376363124
200.77633534846447
261.07324936023304
344.86585239885056
183.99538833994222
124.50513354102733
292.8370850774684
284.981566771696
292.27706505416927
204.09346580044715
224.16226957763115
380.18313228845096
277.58149212646873
111.17500670355699
194.99490727550454
188.82595674060278
191.518158132025
269.64769798815246
