393.37214630429924
191.96061379554655
344.8698201682297
330.761042078892
351.92504480831366
393.7100688889073
254.23612112036275
256.46356273111786
384.9169864449537
288.2052673681435
359.2278103999557
412.69970295714614
331.27461047512804
381.4112343047017
204.19508117870586
247.2308577661289
220.2606552301336
208.86025803970958
447.16740046333763
464.9735548097656
528.0771009029448
426.1117784557891
322.797825975985
350.5156320116534
328.1498996984286
157.01745694112296
228.28269045655915
248.9593570326359
359.18491791721516
432.00046089091387
