9849.629036940456
7721.266675420168
5373.718979056863
9136.954714459182
5362.242265626307
7766.232357719654
5937.028325096204
3403.403513035593
5931.986392353799
4859.439161803796
3929.2549167509496
2462.8665612509926
3219.207756519481
3948.1428424518863
2612.583814748773
5025.5258098655995
7380.916074917051
4543.151568356582
4444.676259484585
6564.726896985489
6263.038047858316
3972.162021398491
6073.799867308225
4915.282680529539
4752.187054520885
4404.089231795773
2997.528556774113
2695.3229841089687
1516.011002217037
9455.664320189151
