300.1079691919972
276.3797868296334
214.32191584055465
223.09147954175262
234.86087961117533
401.215940438638
244.27134199235465
261.75915033639325
231.9227261754687
380.7088813047847
302.66768726982644
300.398168591178
283.95152006290914
336.0550547028861
201.35742985102578
135.7166846435126
228.61465576526325
355.16439052085394
267.92741354367786
248.91571830678964
223.3204603934125
340.7776108547151
156.17546593782646
133.3177204097617
201.86874835948842
307.4862293509606
221.0808966539998
213.3097985783128
105.0347812312905
155.03215655231685
