180.19353877610305
151.95950267407514
95.01234622076238
167.18727341431855
189.29861320933182
183.33906005155612
106.42721449152668
138.36043927792932
284.5894313961992
236.10147885789894
128.3224284028746
224.8049065316806
144.6491494856445
161.86181042029324
97.55959805099059
147.2453511709326
273.59425388584737
195.7129762384679
133.29333050335515
240.42071231997076
161.62321319666964
152.33164674144888
100.55082937497603
219.58318821796425
157.2700614030705
155.53392670971348
128.3015188091051
218.57775538300373
222.29467305817488
254.03425592052676
