153.20636536475098
122.61881597329639
185.77293830543638
143.45611348643018
183.49585618084694
153.56876421622286
222.40691661721203
158.76715506313326
259.745845183177
195.33858330796772
314.80540691204504
225.93659512564335
144.63497082101802
159.74393287889012
157.03810413251034
129.48961809563983
244.2163550768938
211.4121536540649
257.08845958689534
216.71137191020816
201.51424819366125
151.797841053429
185.57951064623094
144.87086252933864
239.694778782094
119.88488138815482
174.32196061762014
147.94006415359277
160.2068474050426
116.46247609679834
