4507.253840941835
3043.7789952536273
1675.0015212478131
5834.74991518133
6459.063574026913
6923.854694603604
5387.226170055655
6062.248524095519
6657.096507994725
3646.2421678941228
5289.466816120991
5972.629033475725
4222.470632637747
8171.476230881733
6302.380502800884
6585.435567126773
5164.855458542938
3305.632388475506
5321.022343395984
6927.535344868332
7926.352178852146
5806.781258456744
4013.864239868842
3529.5198920738844
2159.0761981677915
4211.966805626258
3229.5221177420185
3253.991476874782
2269.1310675981103
5025.569659501155
