98.53328350570312
196.5704490844922
234.6245020879159
205.27922879130983
141.22270580781682
158.8121197732314
299.82709542893315
176.29249007792617
119.998975340927
219.85778181060041
214.74092572340552
186.18879777206678
146.946262278944
187.51813708764405
269.60501099472106
180.13216168796296
126.12077608932265
249.75590869424573
286.0240246709221
196.64095297017963
131.81882069945772
145.41706602212503
167.13848787598798
167.16878760316334
200.43452412831132
243.92059026769218
219.2899683395837
208.57129071521496
195.2514114012232
256.5487663371184
