1159.1746755553247
1172.710513452829
1118.808128552783
1233.028095430041
1348.8240999107188
1142.6500841740515
989.6985976607742
1092.7481141164365
1441.0650964236006
1152.1997332849933
924.0606639356212
1180.0189170016552
1308.7246349968477
1076.8104856146826
1006.6627832334219
1066.0332298748644
1531.0362678596325
1114.3878028634786
1060.3813773642878
1398.5486308544066
1026.6772561299467
1071.6513343740708
1518.6915526255223
1106.7723231470845
1070.0397533831865
1394.1473444935928
1063.2837745671798
986.1977251281311
1105.1422680098706
1500.994749711971
