372.34458610124216
398.0793576051608
189.07200661514796
304.8755791793028
542.8936225530601
285.08532076454634
184.56456071521671
212.12897429440898
420.829026305637
266.23976913600086
295.8424545751745
246.41691611200744
229.09387543634716
308.97149390655363
176.35262156000752
219.72522100600847
311.4674297096566
183.21029842879483
175.9287939294224
343.23714749325137
143.5016243965321
160.6711495010412
197.62985276796974
261.3165218487324
303.8356882802546
333.90656444085005
304.8826056661559
307.34551202242983
205.78483703573917
259.3883399808195
