385.301500355452
545.7416482034433
247.43748946093353
442.1034935069202
268.5494002433367
469.72988452920936
314.5261954618624
564.6626827869385
270.0155592529044
491.57465068705216
260.8872944537973
490.1836424327372
286.24575165553455
500.58481338959615
246.80405646389153
574.1136681138729
287.3434828981261
501.13925913157794
303.37172024206546
384.88971009124884
317.5381302075978
467.9956598074656
542.0333538803905
1205.424099456085
287.1636556355843
517.1427239512751
215.1846203248957
614.3760903802912
264.0750755183431
478.7133853635935
