7048.720754034386
5232.51214283737
3722.180284018524
5109.156778013841
5973.430753156706
5254.953188549018
4759.779447636409
4517.608660647978
4942.512971378475
3265.31804278971
5342.699694697278
3380.7227792994427
4641.191517779293
5121.792108508284
3727.620010945028
4491.690954800309
6160.768447780708
4817.59649240223
4975.652939859722
4796.956118457429
3592.833726358832
4013.574154398802
3080.948067058837
4251.97275662231
3143.50966138134
2037.0430491715067
4000.7392673959966
4415.592756006729
4300.525513950242
3479.7307293204162
