1442.9383244581804
1244.8385210683978
1561.8560052840842
1553.8794883448163
984.1273079616712
1186.0683432770436
1206.6631073164442
654.3359869340785
1842.8133439336416
1339.8427878477075
1576.0837643445022
1387.856650738305
1111.5101515934232
1241.810943627984
1206.5308443135473
1647.5413157260018
1477.7191812491108
1377.5721028857124
1285.1571520622751
1275.790562263297
1201.5621281639026
1173.302542181812
811.6756428996547
2034.7704242091254
1282.2655558898796
1558.5887872341063
1674.7180061924587
1220.0940783952178
1409.8915597411055
1328.1959969744646
2116.1957093883952
1364.9551686310208
1746.8525883989562
1681.8932289151412
1218.3048338699757
1528.7496326767148
1236.0473896938952
1822.094286666545
1441.8322535529733
2320.2837833585095
1541.9493610977468
1242.456867854529
695.3338116979965
2221.920559917726
2383.087060004634
958.1564788149745
1796.8297256383523
1315.449774625
1304.0209686010464
1229.772742194956
