9619974.038461538
1.2082625966183575E7
5324490.207557212
5270599.262381454
4633144.650301065
4871636.434486118
2745998.0779791325
2215577.7285809168
2214286.7448550565
1728774.8963372495
929266.14655893
718643.7818808822
741595.9994073196
626666.8336673346
345071.46010830946
370876.6116591263
351083.2747962911
195986.18694594808
159962.4104954587
127358.25717349126
97520.50188291681
81913.55859709153
64856.75213786716
54499.64248957916
42215.263496856634
33040.91285459241
25754.68824072326
19883.38673369164
15763.230064672647
12574.073951712724
9993.463769041646
7311.949551480819
5709.348673315446
4345.600812922237
3276.647191338612
2373.3883475916496
1167.1400586281975
1930.8920040835505
5561.673879295772
3951.338927514202
1858.3155743037905
6994.515835975331
5434.932951297576
4621.500641698055
3294.7903885853043
2613.281219218439
959.1268930445235
3.9971636144578315E7
2.83112875E7
2.4667054702970296E7
