260.3217149243589
223.6620123257089
216.0308347262711
265.155117625741
206.66293923141785
220.47709060210576
188.1114098746816
232.4268537157014
256.174923138882
223.16221590946904
207.84724761040704
269.4503120328043
255.70796203732922
231.6597401220319
160.30417779429493
269.7907539194902
218.98995479319845
203.95010083820705
185.1106406985673
211.5150234758913
257.145795709596
241.79816969007626
198.00172249575283
229.15948977067387
285.4474621373142
220.6415303354491
196.04774891935133
277.50059629068056
211.32834666373114
206.7642747668877
152.64441040750566
257.99013815986854
212.85845077672695
249.41246657306328
229.1397199384672
218.6486256246413
206.09395262349162
196.6234581810963
170.2961840614797
253.1397789587036
200.72663589848815
246.45306748413913
193.73660429781967
309.59275782583063
248.42738669955443
232.5577644641632
162.48066799759545
262.70560433967523
182.2181345913671
202.67593791809693
