488.4835184134023
604.3051686219059
571.9009670246504
706.4350177264175
429.83641821019927
513.4924330359955
346.8314847497228
591.005015119672
410.47909709070757
516.9274688477774
617.7379895095304
724.6615053829926
444.9827028855175
475.5691203447705
365.72232191497363
561.6488881483266
394.50817411166315
553.0373467088016
641.3921467553807
687.1174519161003
423.76127602854183
424.6241292262454
328.49368311351634
569.9709226500881
417.5644440619033
503.6040729554049
548.8850808833154
661.0992461332506
412.73765959790114
491.9747486166403
342.04579710760567
588.7397937637337
399.5140423197104
514.6122757995507
590.7234988723552
624.3460032880016
448.8315512923194
456.47839659328093
394.4469489298994
574.7384417267249
574.788006316568
573.8958807663989
508.244990276872
650.3273581180916
514.1901381755775
473.5848377393757
440.5621272165773
573.9962282053804
625.8291348643913
671.7040005059447
