5167.434794814664
4995.825567598034
4097.650978249955
3595.9962400276554
4499.700048803119
3685.9699697462556
2732.194928341201
1984.3359989923001
1214.31865078433
1376.1283733218604
485.07738973717267
1225.6280749603552
785.2624471346805
470.6550996286555
430.31061013567967
415.3983825145771
665.444035093916
389.8910214584965
339.5848377866609
382.7481907038772
678.5813168988559
511.97722423694523
517.7183098716105
383.28915487887764
378.2874735922746
288.77486908156516
353.4813853140293
272.70682787949085
283.81927050331524
317.70714901158294
406.65539151923196
325.07197601148187
342.4641040026738
261.50780187339626
263.4224877811682
403.34264878631393
370.0969235048502
360.8989476912669
352.5301583458985
458.0095461026609
437.0225549581082
5135.410917634378
6666.989135639357
5146.6345533508165
5846.802014177312
5888.211777846309
6604.571467383815
4773.3008813294855
6473.517852200387
5791.458642957508
