159.49479279312956
214.44332310218772
162.68499346830308
163.79901283598426
115.30322551040578
182.25019168700717
196.61161713973394
198.9847249480751
225.08395143136423
278.2815688473543
220.22889038960932
207.39683301928417
241.81400639382844
248.34572908200798
116.05347547509025
213.02325574691065
293.75889785833874
248.77778469498332
203.27684707325582
221.55468893587613
200.2949254571281
206.0158308999007
162.17451951525845
175.52586616849013
203.15471387280718
338.67361957454864
162.33501966667316
199.66763097509457
177.51067653143787
137.52595782822848
218.53253046732559
164.24564366835207
122.24869518800026
156.65737021819623
183.79741430350177
307.9402234143524
186.0563395605851
165.03551150924423
226.08178124521422
200.4491175859528
140.86409191658873
140.22368499764903
234.13466323149908
224.11604032368066
137.39812626085975
163.76783753168198
169.53378301625406
260.6170183151547
236.79517533934506
155.1550438208621
