6052.046783625731
110383.33333333333
9141.509433962265
18934.782608695652
134840.0
7648.3050847457625
7873.118279569892
2.074582093023256E7
1.230018551724138E7
1.0916021910112359E7
6519503.691275168
3637497.5655430714
4243222.175732218
2856011.8309859154
2416294.874851013
2041038.5699899294
1639148.5436893203
688795.9197551853
1146359.966024915
406069.3017656501
290266.27439724456
251475.756686155
307119.2424703377
161423.256
113854.82614091499
84967.24963128398
84404.36306374402
49895.05378481107
37524.32194500637
29650.423432254996
23651.743680720094
17915.404868981776
14320.716151403438
10941.84350072899
8299.81372311735
6279.305377614625
4571.620269859735
3181.0359693417813
2520.922047008964
1926.9829315843008
1566.5165146925708
917.9838582432931
660.1797387680015
248.6652284787663
3107.8358208955224
2451.5789473684213
4477.777777777777
3977.1428571428573
1598.7654320987654
0.0
