5383.174095854304
2857.526288876753
1902.9960681083603
1041.6653504199705
991.1256813601505
1075.449334317364
740.0456197532955
1055.8656552100485
1625.4929856305566
1088.7737874292275
784.9973035763452
783.3447605188409
684.0414024000432
371.9091700694075
776.1636847488971
918.0810240476765
581.4891156400022
471.3456000739395
954.8351468343878
727.5428300206358
674.7441914284495
537.2249144719102
650.3264670438491
781.0520641230565
675.9319167458236
477.29980378651186
925.7047380801255
598.1166868635834
621.3814517209908
411.5343910456619
602.6339379237917
527.1237811693504
591.5639817325242
352.38158464032995
694.917191864416
544.48247965394
449.01742235878123
276.2283617647196
356.3525427527465
324.0657054500649
493.30438320118037
320.7903844431234
222.9042024464569
171.28226921021633
279.91942353293274
189.69764074941816
437.4120446813683
403.4587171031004
428.2884529808652
165.51973395179664
