1679.1666666666667
1846.1538461538462
2265.8536585365855
36435.71428571428
34941.818181818184
27309.090909090908
21389.18918918919
14601.111111111111
12331.632653061224
8350.0
6401.273885350319
7137513.063063063
5867495.185185186
5802149.084249084
1.277237258064516E7
1.094150652173913E7
6556657.003257329
2705303.629032258
2895277.2661870504
2954195.008810573
1320665.0689428758
1445423.0714285714
649749.2935131664
641285.9624605678
414496.0432388334
344924.47350543475
575401.1914893617
327356.49927337316
126960.00751973932
105163.50831600832
84930.94266604973
71245.56164868211
48088.302960730856
36363.24635999347
28182.761586509314
23351.124175643643
17869.233894632296
13883.338669716028
11291.21851431352
8533.243661797036
6349.764109908053
5099.630229301592
3572.6261700977743
2513.3479868827785
2050.6014876243694
1591.4868904204768
1211.7896630357063
685.2781024744369
266.42430486221605
0.0
