12425.35064935065
82707.4074074074
5.132826144578313E7
4.391664226804124E7
7.473746140350877E7
9636587.104072398
2.678842075471698E7
1.7385498484848484E7
8846196.840148699
1.3833633430232558E7
1.178261268292683E7
9718695.97585513
1.1751599756690998E7
5924275.176470588
3814329.8484848486
4001992.0508744037
3669180.7580174925
3407845.3622207176
1366970.8310700706
1001869.2813059924
1012684.3599033817
1568193.2647333958
529382.471839141
453564.71808750567
503897.492980345
279871.02902668674
228129.98363041106
352229.4485862991
129870.16812164857
95449.59106247498
77185.63507753135
62028.2843106772
48398.639006085585
35948.986882587575
28749.40809317084
23209.098465207924
16236.811542827554
13418.883417657196
10171.66432359733
7662.620025665652
5833.706886587438
4287.877522580789
3202.738247948712
2801.808605455392
1973.2566873908713
1451.9305151250383
1008.4212086277796
652.1409409706454
251.63989916784558
0.0
