12480.921052631578
3.8756718518518515E7
6.54019953125E7
3.911903644859813E7
3.435186695384616E7
5.315880952380952E7
2.5228029378531072E7
1.800546451612903E7
2.358299504950495E7
1.532453398095238E7
1.1630784578313254E7
9890345.49180328
7301160.211800302
3703565.4643131234
2499632.5711382115
1570747.7026164646
3148686.180422265
919118.7070406836
712585.5084989916
588425.7082402727
433843.2460551413
457811.97009754763
334962.30481783
249751.35605872108
186291.13298662705
131074.75936388367
100376.34143407122
80716.5159540111
66501.16234121112
50151.91705041263
38022.25584067407
28059.515364753286
21241.347637428113
16946.024390750987
13468.017792251743
10414.594493690327
8062.683074185485
6142.858134597395
4774.573096008072
3409.6254868734163
2739.3839594304955
1938.8343862513702
1794.871962874605
1432.4735600633132
725.1670679042272
279.5402475080472
7275.0
4300.0
2216.6666666666665
0.0
