190.16945156752203
197.52719957387038
193.52484301000393
214.5886411094828
154.19056669607076
214.0595993836355
189.98524537126517
240.42389122504693
172.00018177560307
234.27070526995254
200.78187668616147
223.4058622820451
129.48234003885378
175.35814684786175
170.31519702631962
167.96115943460217
178.9198739805936
219.0964437962009
179.84078808318878
200.3311290259071
146.51248857649088
182.62879198755124
180.53245213254377
215.6523256526918
178.71645132497503
242.88071048224882
224.4384981494087
161.6258375559716
151.55032736517194
207.7387100779467
191.24748871641307
198.21479853049914
201.0108486516482
214.4588915924736
174.42215365667636
198.4221252893385
182.05148416305164
196.05994550499756
220.41551853878826
244.12176317898823
206.5497408983783
191.67394805375656
196.06802293808735
185.9056306169729
177.67598374651945
224.0243770941517
158.3464393129423
164.78680377393505
135.68145375796985
168.3694908375123
