276.28708102202927
309.2586087277262
355.9495405668794
541.6444547767379
252.91905541841112
211.96263334359756
298.45613504978434
346.6328246866156
297.44807244090566
320.7772065304698
252.30756983973515
385.43972277615813
210.973591715418
198.31094838815747
309.29694900610417
353.32769272837515
301.6390187425059
258.6604468793083
247.53044280835172
255.80111138292432
281.1256420415719
234.20112283614827
206.630178769445
215.14541280979068
246.80956555510897
250.21435315695112
332.7988505854901
322.8004601077881
234.06177618945551
208.00246173619692
208.09367535191672
200.8283544530751
289.3759731643461
272.8520540848014
306.0329548951558
382.72632877921944
210.94220452422223
347.18253829847896
272.2873730693387
314.88442156897764
344.66571960475443
168.82247695413636
228.4635438860763
196.11182295312787
253.4883424171993
134.7779607346422
222.5582732966267
231.80086862665945
294.40916712301663
162.03899281373035
