300.5265403591813
281.89006024096386
384.50720808225634
368.0980157673669
371.31385191973453
295.7335232686638
322.3337911602951
323.03785678291655
479.6541891220107
389.9955446825653
392.6794501096967
311.01754644165356
391.1837258898155
343.38244054088335
397.59773971055904
439.93811910755784
304.89334154050147
306.5069090706788
340.022520656108
290.049899015264
359.44011793016483
279.73296677620294
294.7608800862416
315.1545207332549
281.41690990868926
293.5778727485388
341.3425077701339
228.94773591713744
309.3530948893359
248.58802190548585
346.1292350301449
306.23921209751387
279.7773018792557
266.12938566887215
304.58267872133615
203.59296975824245
248.348129649847
279.02611883277234
409.94972682025605
197.59247655681583
195.1823257944834
295.03048094334326
352.7347595356216
134.36291310811004
150.89925744953408
197.52604539714198
366.3298002971779
210.81075798759005
208.34294350738878
178.98853016723945
